clip board

594,595,Lamar Jackson\JackLa00,2019,22,1-32,BAL,NFL,15,15,265,401,66.08,3127,36,6,,9.0,1.5,113.3,23.0,106.0,5.4%,7.8,8.92,8.19,208.5,13,2,0,1.0,2.0,176,1206,6.85,7,80.4,4333,43,1
8,9,Patrick Mahomes\MahoPa00,2018,23,1-10,KAN,NFL,16,16,383,580,66.03,5097,50,12,1.0,8.6,2.07,113.8,26.0,171.0,4.3%,8.79,9.58,8.89,318.6,12,4,0,2.0,2.0,60,272,4.53,2,17.0,5369,52,1
55,56,Tom Brady\BradTo00,2017,40,6-199,NWE,NFL,16,16,385,581,66.27,4577,32,8,1.0,5.5,1.38,102.8,35.0,201.0,5.7%,7.88,8.36,7.56,286.1,13,3,0,2.0,2.0,25,28,1.12,0,1.8,4605,32,0
15,16,Matt Ryan\RyanMa00,2016,31,1-3,ATL,NFL,16,16,373,534,69.85,4944,38,7,2.0,7.1,1.31,117.1,37.0,235.0,6.5%,9.26,10.09,9.03,309.0,11,5,0,1.0,2.0,35,117,3.34,0,7.3,5061,38,1
243,244,Cam Newton\NewtCa00,2015,26,1-1,CAR,NFL,16,16,296,495,59.8,3837,35,10,,7.1,2.02,99.4,33.0,284.0,6.3%,7.75,8.26,7.2,239.8,15,1,0,3.0,4.0,132,636,4.82,10,39.8,4473,45,1
84,85,Aaron Rodgers\RodgAa00,2014,31,1-24,GNB,NFL,16,16,341,520,65.58,4381,38,5,,7.3,0.96,112.2,28.0,174.0,5.1%,8.43,9.45,8.65,273.8,12,4,0,1.0,1.0,43,269,6.26,2,16.8,4650,40,1
0,1,Peyton Manning\MannPe00,2013,37,1-1,DEN,NFL,16,16,450,659,68.29,5477,55,10,2.0,8.3,1.52,115.1,18.0,120.0,2.7%,8.31,9.3,8.87,342.3,13,3,0,2.0,2.0,32,-31,-0.97,1,-1.9,5446,56,1
45,46,Aaron Rodgers\RodgAa00,2011,28,1-24,GNB,NFL,15,15,343,502,68.33,4643,45,6,,9.0,1.2,122.5,36.0,219.0,6.7%,9.25,10.5,9.39,309.5,14,1,0,0.0,1.0,60,257,4.28,3,17.1,4900,48,1
219,220,Tom Brady\BradTo00,2010,33,6-199,NWE,NFL,16,16,324,492,65.85,3900,36,4,,7.3,0.81,111.0,25.0,175.0,4.8%,7.93,9.02,8.25,243.8,14,2,0,2.0,3.0,31,30,0.97,1,1.9,3930,37,1
61,62,Peyton Manning\MannPe00,2009,33,1-1,IND,NFL,16,16,393,571,68.83,4500,33,16,,5.8,2.8,99.9,10.0,74.0,1.7%,7.88,7.78,7.51,281.3,14,2,0,7.0,7.0,19,-13,-0.68,0,-0.8,4487,33,1
184,185,Peyton Manning\MannPe00,2008,32,1-1,IND,NFL,16,16,371,555,66.85,4002,27,12,3.0,4.9,2.16,95.0,14.0,86.0,2.5%,7.21,7.21,6.88,250.1,12,4,0,4.0,6.0,20,21,1.05,1,1.3,4023,28,1
24,25,Tom Brady\BradTo00,2007,30,6-199,NWE,NFL,16,16,398,578,68.86,4806,50,8,,8.7,1.38,117.2,21.0,128.0,3.5%,8.31,9.42,8.88,300.4,16,0,0,4.0,4.0,37,98,2.65,2,6.1,4904,52,1
56,57,Peyton Manning\MannPe00,2004,28,1-1,IND,NFL,16,16,336,497,67.61,4557,49,10,,9.9,2.01,121.1,13.0,101.0,2.5%,9.17,10.24,9.78,284.8,12,4,0,2.0,4.0,25,38,1.52,0,2.4,4595,49,1
109,110,Peyton Manning\MannPe00,2003,27,1-1,IND,NFL,16,16,379,566,66.96,4267,29,10,1.0,5.1,1.77,99.0,18.0,107.0,3.1%,7.54,7.77,7.35,266.7,12,4,0,3.0,4.0,28,26,0.93,0,1.6,4293,29,1
549,550,Steve McNair\McNaSt00,2003,30,1-3,TEN,NFL,14,14,250,400,62.5,3215,24,7,2.0,6.0,1.75,100.4,19.0,108.0,4.5%,8.04,8.45,7.81,229.6,10,4,0,1.0,1.0,38,138,3.63,4,9.9,3353,28,1
39,40,Rich Gannon\GannRi00,2002,37,4-98,OAK,NFL,16,16,418,618,67.64,4689,26,10,1.0,4.2,1.62,97.3,36.0,214.0,5.5%,7.59,7.7,6.95,293.1,11,5,0,1.0,1.0,50,156,3.12,3,9.8,4845,29,1
22,23,Kurt Warner*\WarnKu00,2001,30,,STL,NFL,16,16,375,546,68.68,4830,36,22,1.0,6.6,4.03,101.4,38.0,233.0,6.5%,8.85,8.35,7.41,301.9,14,2,0,1.0,2.0,28,60,2.14,0,3.8,4890,36,1
90,91,Kurt Warner*\WarnKu00,1999,28,,STL,NFL,16,16,325,499,65.13,4353,41,13,,8.2,2.61,109.2,29.0,201.0,5.5%,8.72,9.19,8.31,272.1,13,3,0,,,23,92,4.0,1,5.8,4445,42,1
233,234,Brett Favre*\FavrBr00,1997,28,2-33,GNB,NFL,16,16,304,513,59.26,3867,35,16,3.0,6.8,3.12,92.6,25.0,176.0,4.6%,7.54,7.5,6.82,241.7,13,3,0,,,58,187,3.22,1,11.7,4054,36,1
220,221,Brett Favre*\FavrBr00,1996,27,2-33,GNB,NFL,16,16,325,543,59.85,3899,39,13,,7.2,2.39,95.8,40.0,241.0,6.9%,7.18,7.54,6.61,243.7,13,3,0,1.0,1.0,49,136,2.78,2,8.5,4035,41,1
78,79,Brett Favre*\FavrBr00,1995,26,2-33,GNB,NFL,16,16,359,570,62.98,4413,38,13,,6.7,2.28,99.5,33.0,217.0,5.5%,7.74,8.05,7.25,275.8,11,5,0,0.0,1.0,39,181,4.64,3,11.3,4594,41,1
199,200,Steve Young*\YounSt00,1994,33,1-1,SFO,NFL,16,16,324,461,70.28,3969,35,10,1.0,7.6,2.17,112.8,31.0,163.0,6.3%,8.61,9.15,8.24,248.1,13,3,0,1.0,1.0,58,293,5.05,7,18.3,4262,42,1
404,405,Steve Young*\YounSt00,1992,31,1-1,SFO,NFL,16,16,268,402,66.67,3465,25,7,2.0,6.2,1.74,107.0,29.0,152.0,6.7%,8.62,9.08,8.12,216.6,14,2,0,3.0,5.0,76,537,7.07,4,33.6,4002,29,1
205,206,Joe Montana*\MontJo01,1990,34,3-82,SFO,NFL,15,15,321,520,61.73,3944,26,16,1.0,5.0,3.08,89.0,29.0,153.0,5.3%,7.58,7.2,6.54,262.9,14,1,0,3.0,5.0,40,162,4.05,1,10.8,4106,27,1
372,373,Joe Montana*\MontJo01,1989,33,3-82,SFO,NFL,13,13,271,386,70.21,3521,26,8,,6.7,2.07,112.4,33.0,198.0,7.9%,9.12,9.54,8.31,270.8,11,2,0,4.0,5.0,49,227,4.63,3,17.5,3748,29,1
345,346,Boomer Esiason\EsiaBo00,1988,27,2-38,CIN,NFL,16,16,223,388,57.47,3572,28,14,,7.2,3.61,97.4,30.0,245.0,7.2%,9.21,9.03,7.79,223.3,12,4,0,3.0,4.0,43,248,5.77,1,15.5,3820,29,1
561,562,John Elway*\ElwaJo00,1987,27,1-1,DEN,NFL,12,12,224,410,54.63,3198,19,12,1.0,4.6,2.93,83.4,20.0,138.0,4.7%,7.8,7.41,6.74,266.5,8,3,1,3.0,2.0,66,304,4.61,4,25.3,3502,23,1
9,10,Dan Marino*\MariDa00,1984,23,1-27,MIA,NFL,16,16,362,564,64.18,5084,48,17,1.0,8.5,3.01,108.9,13.0,120.0,2.3%,9.01,9.36,8.94,317.8,14,2,0,2.0,3.0,28,-7,-0.25,0,-0.4,5077,48,1
292,293,Joe Theismann\TheiJo00,1983,34,4-99,WAS,NFL,16,16,276,459,60.13,3714,29,11,,6.3,2.4,97.0,34.0,242.0,6.9%,8.09,8.28,7.22,232.1,14,2,0,2.0,4.0,37,234,6.32,1,14.6,3948,30,1
276,277,Ken Anderson\AndeKe00,1981,32,3-67,CIN,NFL,16,16,300,479,62.63,3754,29,10,1.0,6.1,2.09,98.4,25.0,140.0,5.0%,7.84,8.11,7.43,234.6,12,4,0,2.0,2.0,46,320,6.96,1,20.0,4074,30,1
138,139,Brian Sipe\SipeBr00,1980,31,13-330,CLE,NFL,16,16,337,554,60.83,4132,30,14,2.0,5.4,2.53,91.4,23.0,217.0,4.0%,7.46,7.4,6.73,258.3,11,5,0,3.0,4.0,20,55,2.75,1,3.4,4187,31,1
